a=-0.01693903
b=0.9574208
c=-0.2881989
d=1.316745
